#K-Path     Band-1    Band-2    Band-3    Band-4      ...     Band-n
  0.0000  -19.4915   -7.5972   -3.0292   -3.0292    3.2214    4.3633    5.2168    8.3450
  0.0774  -19.4752   -7.5777   -3.0972   -3.0651    3.2436    4.3856    5.2391    8.3667
  0.1547  -19.4261   -7.5192   -3.2970   -3.1696    3.3102    4.4523    5.3061    8.3376
  0.2321  -19.3445   -7.4219   -3.6163   -3.3342    3.4213    4.5635    5.4178    8.3622
  0.3094  -19.2303   -7.2859   -4.0383   -3.5469    3.5769    4.7190    5.5741    8.3748
  0.3868  -19.0836   -7.1118   -4.5441   -3.7944    3.7768    4.9186    5.7750    8.3642
  0.4641  -18.9047   -6.9000   -5.1153   -4.0641    4.0212    5.1622    6.0206    8.3264
  0.5415  -18.6938   -6.6512   -5.7357   -4.3444    4.3098    5.4491    6.3105    8.2632
  0.6189  -18.4510   -6.3910   -6.3663   -4.6260    4.6426    5.7781    6.6444    8.1804
  0.6962  -18.1768   -7.0694   -6.0466   -4.9009    5.0194    6.2170    7.0209    7.5973
  0.7736  -17.8716   -7.7613   -5.6937   -5.1630    5.4399    6.4886    6.9600    7.4340
  0.8509  -17.5359   -8.4586   -5.4074   -5.3099    5.9035    6.0891    7.0950    7.7771
  0.9283  -17.1703   -9.1546   -5.6301   -4.8984    5.3772    6.4093    7.5803    7.7427
  1.0056  -16.7758   -9.8436   -5.8281   -4.4642    4.6562    6.9522    7.6640    8.1234
  1.0830  -16.3537  -10.5204   -5.9990   -4.0144    3.9519    7.4491    7.6791    8.7115
  1.1603  -15.9062  -11.1798   -6.1410   -3.5611    3.2828    7.4721    8.2214    9.3412
  1.2377  -15.4376  -11.8156   -6.2528   -3.1242    2.6739    7.4232    8.8908   10.0103
  1.3151  -14.9584  -12.4153   -6.3333   -2.7383    2.1629    7.3838    9.6060   10.7156
  1.3924  -14.5059  -12.9406   -6.3819   -2.4590    1.8077    7.3593   10.3601   11.4500
  1.4698  -14.2614  -13.2094   -6.3982   -2.3543    1.6775    7.3510   11.0816   11.2284
  1.4698  -14.2614  -13.2094   -6.3982   -2.3543    1.6775    7.3510   11.0816   11.2284
  1.5144  -14.2567  -13.2047   -6.4228   -2.3477    1.6759    7.3843   11.0881   11.2353
  1.5591  -14.2427  -13.1909   -6.4960   -2.3278    1.6711    7.4834   11.1074   11.2559
  1.6038  -14.2193  -13.1679   -6.6153   -2.2947    1.6627    7.6457   11.1396   11.2901
  1.6484  -14.1866  -13.1360   -6.7773   -2.2483    1.6499    7.8674   11.1845   11.3380
  1.6931  -14.1445  -13.0952   -6.9773   -2.1888    1.6319    8.1435   11.2419   11.3993
  1.7377  -14.0931  -13.0458   -7.2105   -2.1160    1.6075    8.4684   11.3116   11.4740
  1.7824  -14.0323  -12.9883   -7.4714   -2.0302    1.5753    8.8359   11.3932   11.5619
  1.8271  -13.9622  -12.9231   -7.7549   -1.9312    1.5336    9.2397   11.4950   11.8067
  1.8717  -13.8828  -12.8511   -8.0559   -1.8192    1.4808    9.6731   11.5952   11.6874
  1.9164  -13.7941  -12.7731   -8.3692   -1.6943    1.4147   10.1292   11.5474   11.7054
  1.9611  -13.6961  -12.6909   -8.6899   -1.5564    1.3337   10.5998   11.3943   11.8288
  2.0057  -13.5889  -12.6065   -9.0127   -1.4056    1.2357   11.0759   11.2372   11.9590
  2.0504  -13.4724  -12.5233   -9.3314   -1.2422    1.1194   11.0855   11.5424   12.0981
  2.0950  -13.3466  -12.4468   -9.6385   -1.0660    0.9833   10.9473   12.0068   12.2599
  2.1397  -13.2117  -12.3853   -9.9236   -0.8774    0.8268   10.8288   12.3460   12.3922
  2.1844  -13.0676  -12.3518  -10.1722   -0.6763    0.6495   10.7347   12.5255   12.6068
  2.2290  -12.9144  -12.3635  -10.3657   -0.4629    0.4520   10.6675   12.6536   12.7790
  2.2737  -12.7521  -12.4376  -10.4858   -0.2374    0.2350   10.6281   12.7712   12.8785
  2.3183  -12.5808  -12.5807  -10.5247   -0.0000    0.0000   10.6154   12.8643   12.8742
  2.3183  -12.5808  -12.5807  -10.5247   -0.0000    0.0000   10.6154   12.8643   12.8742
  2.4077  -13.0308  -12.2111  -10.4001   -0.5163    0.5101   10.6573   12.3802   12.9866
  2.4970  -13.5931  -11.8060  -10.1078   -1.0798    1.0655   10.7387   11.5643   12.9834
  2.5863  -14.1882  -11.3662   -9.7251   -1.6723    1.6642   10.6837   10.7293   12.7469
  2.6756  -14.7810  -10.8924   -9.2859   -2.2772    2.3034    9.8158   10.4368   11.8699
  2.7650  -15.3552  -10.3859   -8.8070   -2.8802    2.9801    8.9856    9.8734   11.0319
  2.8543  -15.9025   -9.8480   -8.2985   -3.4698    3.6903    8.2032    9.2087   10.2403
  2.9436  -16.4177   -9.2808   -7.7683   -4.0372    4.4288    7.4732    8.5370    9.5020
  3.0329  -16.8978   -8.6868   -7.2238   -4.5751    5.1898    6.7984    7.8941    8.8202
  3.1223  -17.3404   -8.0694   -6.6725   -5.0781    5.9654    6.1802    7.2946    8.1961
  3.2116  -17.7440   -7.4332   -6.1229   -5.5421    5.6195    6.7454    6.7465    7.6306
  3.3009  -18.1073   -6.7844   -5.9637   -5.5842    5.1170    6.2499    7.1241    7.5214
  3.3902  -18.4296   -6.3403   -6.1315   -5.0670    4.6731    5.8104    6.6770    8.2758
  3.4796  -18.7100   -6.6700   -5.4859   -4.5828    4.2881    5.4279    6.2895    8.9033
  3.5689  -18.9481   -6.9511   -4.8635   -4.1437    3.9621    5.1034    5.9615    8.7010
  3.6582  -19.1433   -7.1826   -4.2855   -3.7623    3.6954    4.8374    5.6933    8.5456
  3.7475  -19.2955   -7.3636   -3.7795   -3.4507    3.4880    4.6301    5.4848    8.4334
  3.8369  -19.4044   -7.4932   -3.3790   -3.2195    3.3398    4.4820    5.3359    8.3593
  3.9262  -19.4697   -7.5712   -3.1194   -3.0772    3.2510    4.3930    5.2466    8.3183
  4.0155  -19.4915   -7.5972   -3.0292   -3.0292    3.2214    4.3633    5.2168    8.3045
