#K-Path     Band-1    Band-2    Band-3    Band-4      ...     Band-n
  0.0000  -22.0474   -8.8547   -4.0125   -4.0125    3.4696    4.5997    5.4075    9.2351
  0.0313  -22.0445   -8.8512   -4.0246   -4.0188    3.4733    4.6034    5.4111    9.2361
  0.0625  -22.0357   -8.8404   -4.0606   -4.0376    3.4843    4.6143    5.4221    9.2394
  0.0938  -22.0211   -8.8226   -4.1203   -4.0685    3.5026    4.6326    5.4405    9.2443
  0.1251  -22.0007   -8.7975   -4.2029   -4.1113    3.5283    4.6582    5.4661    9.2506
  0.1564  -21.9745   -8.7654   -4.3078   -4.1653    3.5613    4.6912    5.4991    9.2574
  0.1876  -21.9425   -8.7261   -4.4339   -4.2298    3.6016    4.7314    5.5394    9.2638
  0.2189  -21.9046   -8.6797   -4.5801   -4.3042    3.6492    4.7790    5.5870    9.2691
  0.2502  -21.8610   -8.6262   -4.7453   -4.3874    3.7042    4.8338    5.6420    9.2724
  0.2814  -21.8115   -8.5656   -4.9280   -4.4786    3.7666    4.8959    5.7043    9.2731
  0.3127  -21.7563   -8.4979   -5.1271   -4.5769    3.8362    4.9654    5.7740    9.2704
  0.3440  -21.6953   -8.4232   -5.3411   -4.6814    3.9132    5.0421    5.8510    9.2638
  0.3753  -21.6285   -8.3415   -5.5687   -4.7911    3.9975    5.1260    5.9353    9.2528
  0.4065  -21.5559   -8.2527   -5.8086   -4.9051    4.0892    5.2172    6.0269    9.2374
  0.4378  -21.4776   -8.1570   -6.0597   -5.0226    4.1882    5.3157    6.1259    9.2175
  0.4691  -21.3936   -8.0544   -6.3206   -5.1428    4.2945    5.4213    6.2322    9.1932
  0.5003  -21.3038   -7.9448   -6.5903   -5.2649    4.4081    5.5341    6.3458    9.1648
  0.5316  -21.2084   -7.8284   -6.8676   -5.3881    4.5290    5.6541    6.4667    9.1325
  0.5629  -21.1072   -7.7052   -7.1517   -5.5119    4.6573    5.7811    6.5949    9.0968
  0.5942  -21.0004   -7.5753   -7.4415   -5.6355    4.7929    5.9150    6.7304    9.0582
  0.6254  -20.8880   -7.7363   -7.4387   -5.7585    4.9357    6.0558    6.8731    9.0171
  0.6567  -20.7699   -8.0351   -7.2956   -5.8803    5.0859    6.2032    7.0231    9.1298
  0.6880  -20.6463   -8.3372   -7.1460   -6.0003    5.2433    6.3568    7.1804    8.8233
  0.7193  -20.5171   -8.6419   -6.9900   -6.1183    5.4080    6.5158    7.3448    8.5114
  0.7505  -20.3824   -8.9487   -6.8277   -6.2337    5.5800    6.6784    7.5167    8.1977
  0.7818  -20.2422   -9.2569   -6.6594   -6.3463    5.7592    6.8392    7.6967    7.8887
  0.8131  -20.0967   -9.5659   -6.4852   -6.4556    5.9457    6.9766    7.6071    7.8890
  0.8443  -19.9456   -9.8752   -6.5614   -6.3052    6.1393    6.9832    7.4611    8.1791
  0.8756  -19.7893  -10.1844   -6.6635   -6.1199    6.3402    6.7608    7.5499    8.4573
  0.9069  -19.6276  -10.4930   -6.7615   -5.9294    6.4582    6.5481    7.7254    8.5188
  0.9382  -19.4608  -10.8005   -6.8552   -5.7342    6.1375    6.7632    7.9264    8.5146
  0.9694  -19.2888  -11.1066   -6.9445   -5.5346    5.8119    6.9853    8.1406    8.4876
  1.0007  -19.1118  -11.4110   -7.0292   -5.3312    5.4857    7.2142    8.3646    8.4550
  1.0320  -18.9299  -11.7130   -7.1090   -5.1246    5.1612    7.4496    8.4215    8.5971
  1.0632  -18.7432  -12.0125   -7.1839   -4.9156    4.8402    7.6908    8.3898    8.8373
  1.0945  -18.5520  -12.3090   -7.2538   -4.7052    4.5244    7.9348    8.3636    9.0851
  1.1258  -18.3563  -12.6020   -7.3184   -4.4945    4.2153    8.1624    8.3629    9.3400
  1.1571  -18.1566  -12.8913   -7.3778   -4.2849    3.9148    8.2517    8.5096    9.6020
  1.1883  -17.9532  -13.1762   -7.4317   -4.0783    3.6250    8.2429    8.7638    9.8708
  1.2196  -17.7467  -13.4559   -7.4802   -3.8768    3.3485    8.2238    9.0377   10.1464
  1.2509  -17.5379  -13.7296   -7.5232   -3.6832    3.0881    8.2045    9.3213   10.4286
  1.2821  -17.3282  -13.9959   -7.5605   -3.5008    2.8474    8.1868    9.6129   10.7173
  1.3134  -17.1194  -14.2526   -7.5922   -3.3335    2.6305    8.1713    9.9116   11.0121
  1.3447  -16.9151  -14.4962   -7.6181   -3.1861    2.4423    8.1585   10.2172   11.3130
  1.3760  -16.7216  -14.7203   -7.6384   -3.0635    2.2879    8.1484   10.5293   11.6193
  1.4072  -16.5513  -14.9125   -7.6528   -2.9711    2.1727    8.1412   10.8474   11.9304
  1.4385  -16.4263  -15.0506   -7.6615   -2.9134    2.1014    8.1368   11.1698   11.8512
  1.4698  -16.3786  -15.1027   -7.6644   -2.8938    2.0772    8.1353   11.4444   11.5706
  1.4698  -16.3786  -15.1027   -7.6644   -2.8938    2.0772    8.1353   11.4444   11.5706
  1.5012  -16.3761  -15.1003   -7.6776   -2.8898    2.0762    8.1530   11.4478   11.5741
  1.5326  -16.3684  -15.0930   -7.7169   -2.8778    2.0731    8.2056   11.4579   11.5845
  1.5641  -16.3555  -15.0808   -7.7818   -2.8578    2.0679    8.2925   11.4748   11.6020
  1.5955  -16.3375  -15.0638   -7.8712   -2.8297    2.0604    8.4127   11.4985   11.6264
  1.6269  -16.3144  -15.0421   -7.9839   -2.7937    2.0502    8.5648   11.5288   11.6578
  1.6583  -16.2861  -15.0157   -8.1182   -2.7496    2.0371    8.7471   11.5659   11.6960
  1.6898  -16.2528  -14.9847   -8.2725   -2.6975    2.0206    8.9576   11.6095   11.7412
  1.7212  -16.2142  -14.9493   -8.4448   -2.6374    2.0001    9.1943   11.6598   11.7932
  1.7526  -16.1706  -14.9095   -8.6332   -2.5692    1.9752    9.4548   11.7166   11.8520
  1.7841  -16.1218  -14.8655   -8.8356   -2.4930    1.9452    9.7370   11.7799   11.9175
  1.8155  -16.0679  -14.8177   -9.0501   -2.4088    1.9093   10.0383   11.8495   11.9897
  1.8469  -16.0088  -14.7664   -9.2747   -2.3165    1.8668   10.3563   11.9253   12.0684
  1.8783  -15.9447  -14.7118   -9.5075   -2.2163    1.8170   10.6886   12.0073   12.2004
  1.9098  -15.8755  -14.6545   -9.7463   -2.1080    1.7589   11.0323   12.0953   12.1090
  1.9412  -15.8012  -14.5952   -9.9894   -1.9918    1.6918   11.3841   12.0070   12.1889
  1.9726  -15.7217  -14.5346  -10.2345   -1.8677    1.6149   11.7408   11.8978   12.2882
  2.0041  -15.6373  -14.4739  -10.4795   -1.7357    1.5275   11.7853   12.0974   12.3926
  2.0355  -15.5477  -14.4145  -10.7219   -1.5958    1.4288   11.6735   12.4458   12.5020
  2.0669  -15.4531  -14.3585  -10.9587   -1.4482    1.3184   11.5661   12.6158   12.7698
  2.0983  -15.3534  -14.3085  -11.1865   -1.2929    1.1958   11.4662   12.7336   13.0374
  2.1298  -15.2487  -14.2680  -11.4010   -1.1300    1.0608   11.3764   12.8546   13.2048
  2.1612  -15.1389  -14.2419  -11.5968   -0.9596    0.9134   11.2987   12.9781   13.2982
  2.1926  -15.0242  -14.2358  -11.7676   -0.7818    0.7536   11.2346   13.1031   13.3746
  2.2241  -14.9045  -14.2559  -11.9067   -0.5968    0.5818   11.1849   13.2283   13.4743
  2.2555  -14.7798  -14.3079  -12.0081   -0.4047    0.3984   11.1499   13.3522   13.5655
  2.2869  -14.6502  -14.3946  -12.0684   -0.2056    0.2042   11.1295   13.4730   13.6246
  2.3183  -14.5156  -14.5156  -12.0879   -0.0000    0.0000   11.1229   13.5884   13.5884
  2.3183  -14.5156  -14.5156  -12.0879   -0.0000    0.0000   11.1229   13.5884   13.5884
  2.3492  -14.6639  -14.3787  -12.0707   -0.2095    0.2083   11.1288   13.4114   13.6941
  2.3801  -14.8360  -14.2372  -12.0229   -0.4272    0.4230   11.1451   13.1513   13.7898
  2.4109  -15.0262  -14.0909  -11.9498   -0.6520    0.6438   11.1693   12.8552   13.8729
  2.4418  -15.2296  -13.9400  -11.8563   -0.8829    0.8703   11.1981   12.5428   13.9412
  2.4726  -15.4421  -13.7845  -11.7462   -1.1190    1.1026   11.2266   12.2239   13.9933
  2.5035  -15.6606  -13.6244  -11.6226   -1.3594    1.3402   11.2482   11.9023   14.0280
  2.5343  -15.8827  -13.4597  -11.4878   -1.6030    1.5832   11.2541   11.5808   14.0457
  2.5652  -16.1068  -13.2905  -11.3435   -1.8490    1.8312   11.2334   11.2613   13.3041
  2.5961  -16.3313  -13.1170  -11.1909   -2.0967    2.0841   10.9454   11.1754   12.9392
  2.6269  -16.5552  -12.9389  -11.0313   -2.3451    2.3417   10.6337   11.0731   12.6083
  2.6578  -16.7778  -12.7565  -10.8653   -2.5937    2.6037   10.3268   10.9275   12.2902
  2.6886  -16.9983  -12.5698  -10.6936   -2.8417    2.8701   10.0252   10.7458   11.9837
  2.7195  -17.2163  -12.3788  -10.5170   -3.0885    3.1405    9.7293   10.5381   11.6838
  2.7504  -17.4313  -12.1836  -10.3357   -3.3335    3.4149    9.4393   10.3133   11.3916
  2.7812  -17.6430  -11.9842  -10.1504   -3.5763    3.6930    9.1554   10.0783   11.1056
  2.8121  -17.8510  -11.7808   -9.9613   -3.8163    3.9746    8.8778    9.8381   10.8264
  2.8429  -18.0551  -11.5735   -9.7689   -4.0532    4.2594    8.6067    9.5961   10.5538
  2.8738  -18.2552  -11.3622   -9.5735   -4.2865    4.5473    8.3421    9.3546   10.2882
  2.9046  -18.4510  -11.1473   -9.3754   -4.5159    4.8380    8.0842    9.1153   10.0294
  2.9355  -18.6423  -10.9286   -9.1751   -4.7411    5.1314    7.8330    8.8792    9.7774
  2.9664  -18.8291  -10.7064   -8.9728   -4.9619    5.4270    7.5886    8.6472    9.5322
  2.9972  -19.0113  -10.4808   -8.7689   -5.1778    5.7247    7.3510    8.4200    9.2940
  3.0281  -19.1886  -10.2519   -8.5638   -5.3888    6.0242    7.1203    8.1980    9.0627
  3.0589  -19.3611  -10.0199   -8.3577   -5.5947    6.3250    6.8965    7.9816    8.8383
  3.0898  -19.5287   -9.7851   -8.1512   -5.7951    6.6270    6.6796    7.7711    8.6209
  3.1206  -19.6912   -9.5475   -7.9445   -5.9900    6.4697    6.9297    7.5666    8.4106
  3.1515  -19.8486   -9.3075   -7.7380   -6.1793    6.2668    7.2328    7.3683    8.2073
  3.1824  -20.0009   -9.0652   -7.5322   -6.3627    6.0710    7.1765    7.5357    8.0111
  3.2132  -20.1479   -8.8210   -7.3275   -6.5401    5.8821    6.9911    7.8219    7.8380
  3.2441  -20.2897   -8.5752   -7.1244   -6.7115    5.7003    6.8124    7.6398    8.1393
  3.2749  -20.4262   -8.3282   -6.9232   -6.8768    5.5256    6.6403    7.4648    8.4389
  3.3058  -20.5573   -8.0802   -7.0358   -6.7245    5.3580    6.4749    7.2970    8.7362
  3.3366  -20.6831   -7.8319   -7.1885   -6.5288    5.1975    6.3164    7.1362    9.0307
  3.3675  -20.8035   -7.5836   -7.3349   -6.3365    5.0440    6.1647    6.9826    9.3216
  3.3984  -20.9184   -7.4747   -7.3360   -6.1482    4.8977    6.0198    6.8361    9.6082
  3.4292  -21.0279   -7.6080   -7.0895   -5.9645    4.7585    5.8819    6.6968    9.8898
  3.4601  -21.1319   -7.7348   -6.8449   -5.7857    4.6264    5.7509    6.5646   10.1654
  3.4909  -21.2304   -7.8549   -6.6029   -5.6126    4.5014    5.6269    6.4395    9.7495
  3.5218  -21.3234   -7.9684   -6.3644   -5.4457    4.3836    5.5099    6.3216    9.6782
  3.5526  -21.4108   -8.0752   -6.1303   -5.2854    4.2729    5.3999    6.2108    9.6132
  3.5835  -21.4926   -8.1752   -5.9015   -5.1324    4.1694    5.2970    6.1072    9.5545
  3.6144  -21.5688   -8.2685   -5.6793   -4.9871    4.0730    5.2011    6.0108    9.5017
  3.6452  -21.6395   -8.3549   -5.4647   -4.8502    3.9837    5.1122    5.9215    9.4547
  3.6761  -21.7045   -8.4345   -5.2591   -4.7221    3.9016    5.0304    5.8394    9.4132
  3.7069  -21.7640   -8.5073   -5.0640   -4.6033    3.8266    4.9558    5.7644    9.3771
  3.7378  -21.8178   -8.5732   -4.8807   -4.4943    3.7588    4.8881    5.6965    9.3460
  3.7686  -21.8659   -8.6322   -4.7108   -4.3955    3.6981    4.8276    5.6359    9.3196
  3.7995  -21.9084   -8.6843   -4.5559   -4.3073    3.6445    4.7742    5.5823    9.2975
  3.8304  -21.9452   -8.7295   -4.4176   -4.2301    3.5981    4.7279    5.5359    9.2794
  3.8612  -21.9765   -8.7677   -4.2974   -4.1642    3.5589    4.6888    5.4967    9.2649
  3.8921  -22.0020   -8.7991   -4.1968   -4.1099    3.5267    4.6567    5.4646    9.2536
  3.9229  -22.0218   -8.8234   -4.1171   -4.0675    3.5018    4.6318    5.4396    9.2452
  3.9538  -22.0360   -8.8408   -4.0593   -4.0370    3.4839    4.6139    5.4217    9.2395
  3.9846  -22.0445   -8.8513   -4.0243   -4.0186    3.4732    4.6033    5.4110    9.2361
  4.0155  -22.0474   -8.8547   -4.0125   -4.0125    3.4696    4.5997    5.4075    9.8418
